A#3 0.114
0 0.114
0 0.114
0 0.114
0 0.114
0 0.114
0 0.114
D#4 0.228
0 0.228
0 0.228
C3 0.114
0 0.114
A#3 0.114
0 0.114
0 0.114
0 0.114
F#4 0.114
0 0.114
0 0.114
D4 0.342
0 0.342
0 0.342
0 0.342
0 0.342
0 0.342
G#3 0.342
0 0.342
0 0.342
G#4 0.228
0 0.228
0 0.228
0 0.228
0 0.228
C#4 0.114
0 0.114
0 0.114
0 0.114
0 0.114
0 0.114
A4 0.228
0 0.228
0 0.228
0 0.228
0 0.228
0 0.228
C4 0.114
0 0.114
0 0.114
0 0.114
0 0.114
D#4 0.114
0 0.114
0 0.114
F#4 0.114
0 0.114
0 0.114
0 0.114
0 0.114
C3 0.114
0 0.114
0 0.114
0 0.114
0 0.114
B3 0.114
0 0.114
0 0.114
0 0.114
D4 0.114
0 0.114
