Unknown 0.224
A4 0.224
0 0.224
G#3 0.224
0 0.224
0 0.224
0 0.224
0 0.224
0 0.224
0 0.224
A#4 0.224
0 0.224
0 0.224
0 0.224
0 0.224
0 0.224
0 0.224
F#3 0.224
0 0.224
0 0.224
0 0.224
0 0.224
0 0.224
A3 0.224
0 0.224
0 0.224
C5 0.224
0 0.224
0 0.224
0 0.224
0 0.224
0 0.224
0 0.224
D#4 0.224
0 0.224
0 0.224
0 0.224
0 0.224
0 0.224
0 0.224
D#4 0.224
0 0.224
0 0.224
0 0.224
0 0.224
0 0.224
A#3 0.224
0 0.224
0 0.224
0 0.224
E4 0.224
0 0.224
0 0.224
E4 0.224
0 0.224
0 0.224
0 0.224
D4 0.224
0 0.224
0 0.224
0 0.224
0 0.224
0 0.224
A3 0.224
0 0.224
0 0.224
0 0.224
G3 0.224
0 0.224
F4 0.224
0 0.224
0 0.224
0 0.224
B3 0.224
0 0.224
0 0.224
