Unknown 0.236
C#4 0.236
0 0.236
A4 0.708
0 0.708
0 0.708
0 0.708
C4 0.236
0 0.236
0 0.236
0 0.236
0 0.236
0 0.236
0 0.236
D4 0.236
0 0.236
0 0.236
C4 0.236
0 0.236
0 0.236
0 0.236
0 0.236
0 0.236
0 0.236
E4 0.236
0 0.236
0 0.236
0 0.236
0 0.236
0 0.236
0 0.236
F3 0.236
0 0.236
0 0.236
0 0.236
G#4 0.472
0 0.472
0 0.472
0 0.472
0 0.472
0 0.472
E3 0.236
0 0.236
0 0.236
0 0.236
B3 0.236
0 0.236
0 0.236
F4 0.236
0 0.236
0 0.236
0 0.236
0 0.236
0 0.236
A3 0.236
0 0.236
0 0.236
0 0.236
0 0.236
0 0.236
C#4 0.708
0 0.708
0 0.708
0 0.708
0 0.708
0 0.708
0 0.708
C#4 0.236
0 0.236
0 0.236
0 0.236
0 0.236
0 0.236
G#3 0.236
0 0.236
0 0.236
0 0.236
0 0.236
0 0.236
G3 0.236
0 0.236
0 0.236
0 0.236
0 0.236
0 0.236
A#4 0.236
0 0.236
0 0.236
0 0.236
0 0.236
