Unknown 0.516
C#4 0.516
0 0.516
0 0.516
0 0.516
0 0.516
C4 0.172
0 0.172
0 0.172
0 0.172
0 0.172
0 0.172
F#4 0.172
0 0.172
0 0.172
A3 0.172
0 0.172
A#3 0.172
0 0.172
E4 0.172
0 0.172
G4 0.172
0 0.172
A#3 0.344
0 0.344
0 0.344
0 0.344
B3 0.172
0 0.172
D#4 0.172
0 0.172
0 0.172
0 0.172
0 0.172
0 0.172
C#3 0.172
0 0.172
0 0.172
0 0.172
0 0.172
0 0.172
0 0.172
D4 0.172
0 0.172
0 0.172
0 0.172
0 0.172
0 0.172
C4 0.344
0 0.344
0 0.344
0 0.344
0 0.344
0 0.344
E4 0.172
0 0.172
0 0.172
0 0.172
C4 0.516
0 0.516
0 0.516
0 0.516
