Unknown 0.218
F#3 0.218
0 0.218
F4 0.218
0 0.218
0 0.218
0 0.218
0 0.218
0 0.218
A#3 0.218
0 0.218
0 0.218
0 0.218
0 0.218
C3 0.218
0 0.218
0 0.218
0 0.218
0 0.218
F#3 0.218
0 0.218
0 0.218
0 0.218
0 0.218
0 0.218
E3 0.218
0 0.218
A3 0.218
0 0.218
0 0.218
0 0.218
0 0.218
0 0.218
F#3 0.218
0 0.218
0 0.218
0 0.218
0 0.218
0 0.218
D#4 0.218
0 0.218
0 0.218
0 0.218
0 0.218
0 0.218
C4 0.218
0 0.218
0 0.218
0 0.218
0 0.218
0 0.218
G4 0.218
0 0.218
0 0.218
0 0.218
F#4 0.218
0 0.218
G3 0.654
0 0.654
0 0.654
0 0.654
0 0.654
0 0.654
0 0.654
B3 0.218
0 0.218
0 0.218
0 0.218
G#4 0.218
0 0.218
0 0.218
0 0.218
0 0.218
0 0.218
E4 0.218
0 0.218
C#4 0.218
0 0.218
0 0.218
A#3 0.654
0 0.654
0 0.654
0 0.654
F4 0.218
0 0.218
0 0.218
0 0.218
0 0.218
