Unknow 0.369
B4 0.369
0 0.369
0 0.369
0 0.369
0 0.369
0 0.369
0 0.369
C4 0.246
0 0.246
0 0.246
0 0.246
0 0.246
0 0.246
0 0.246
C#6 0.123
0 0.123
B1 0.123
0 0.123
0 0.123
C#2 0.123
0 0.123
0 0.123
0 0.123
0 0.123
0 0.123
B6 0.123
0 0.123
B4 0.123
0 0.123
0 0.123
E2 0.246
0 0.246
B6 0.123
0 0.123
0 0.123
0 0.123
0 0.123
0 0.123
0 0.123
D8 0.123
0 0.123
0 0.123
0 0.123
0 0.123
A4 0.123
0 0.123
F#3 0.123
0 0.123
0 0.123
D#7 0.369
0 0.369
0 0.369
G4 0.123
0 0.123
C8 0.123
0 0.123
0 0.123
0 0.123
C6 0.123
0 0.123
0 0.123
G6 0.123
0 0.123
0 0.123
0 0.123
0 0.123
0 0.123
D4 0.123
0 0.123
0 0.123
0 0.123
0 0.123
D#6 0.123
0 0.123
0 0.123
0 0.123
D#8 0.369
0 0.369
0 0.369
C#3 0.123
0 0.123
A#3 0.123
0 0.123
0 0.123
0 0.123
0 0.123
C#2 0.123
0 0.123
0 0.123
F6 0.123
0 0.123
0 0.123
0 0.123
0 0.123
0 0.123
F3 0.369
0 0.369
A4 0.123
0 0.123
0 0.123
0 0.123
0 0.123
F#2 0.123
0 0.123
0 0.123
G#4 0.246
0 0.246
0 0.246
E5 0.123
0 0.123
0 0.123
0 0.123
0 0.123
0 0.123
A6 0.123
0 0.123
0 0.123
0 0.123
0 0.123
D#5 0.123
0 0.123
G#5 0.123
0 0.123
F5 0.123
0 0.123
C3 0.369
0 0.369
0 0.369
0 0.369
0 0.369
0 0.369
G1 0.123
0 0.123
0 0.123
0 0.123
0 0.123
0 0.123
A#7 0.123
0 0.123
0 0.123
0 0.123
0 0.123
0 0.123
0 0.123
A3 0.246
0 0.246
0 0.246
A4 0.123
0 0.123
0 0.123
D#4 0.123
0 0.123
0 0.123
D2 0.123
0 0.123
0 0.123
0 0.123
D5 0.123
0 0.123
0 0.123
E6 0.123
0 0.123
0 0.123
0 0.123
0 0.123
C#3 0.123
0 0.123
0 0.123
0 0.123
0 0.123
0 0.123
0 0.123
C2 0.123
0 0.123
0 0.123
C1 0.246
0 0.246
0 0.246
0 0.246
0 0.246
F#5 0.246
0 0.246
0 0.246
0 0.246
0 0.246
0 0.246
0 0.246
C6 0.123
0 0.123
0 0.123
0 0.123
0 0.123
E5 0.123
0 0.123
0 0.123
0 0.123
D8 0.123
0 0.123
0 0.123
0 0.123
F1 0.123
0 0.123
